20171101 1 赖芊宇 95 94 77
20171101 2 姚乐颐 73 77 98
20171101 3 施乐陶 83 92 78
20171101 4 蒋沛言 85 88 73
20171101 5 蒲俊睿 91 99 71
20171101 6 刘朗辰 96 85 65
20171101 7 胡嘉桐 88 88 84
20171101 8 邓瀚洲 75 80 93
20171101 9 崔梓慕 78 82 78
20171101 10 李胜尧 71 71 63
20171101 11 胡鑫林 85 80 63
20171101 12 朱楷然 68 61 85
20171101 13 毛熙旭 68 89 85
20171101 14 陈重瑞 66 72 70
20171101 15 李锦昕 76 63 99
20171101 16 周芝伊 75 63 99
20171101 17 张雅晴 96 70 95
20171101 18 易文钛 95 64 87
20171101 19 钟佳彤 91 91 82
20171101 20 邢诗雨 81 96 95
20171101 21 钟雨霖 98 93 91
20171101 22 邱煜茜 65 88 86
20171101 23 杜维灵 72 90 80
20171101 24 童熙程 73 62 63
20171101 25 叶恩汐 63 86 69
20171101 26 张之道 95 72 83
20171101 27 李金颐 63 92 71
20171101 28 李可怡 66 74 83
20171101 29 周鸿升 74 91 98
20171101 30 雷傲璇 85 99 84
20171201 1 赖芊宇 78 64 81
20171201 2 姚乐颐 98 93 84
20171201 3 施乐陶 83 66 72
20171201 4 蒋沛言 80 78 72
20171201 5 蒲俊睿 94 62 60
20171201 6 刘朗辰 78 94 68
20171201 7 胡嘉桐 73 71 60
20171201 8 邓瀚洲 70 76 65
20171201 9 崔梓慕 90 75 77
20171201 10 李胜尧 86 62 71
20171201 11 胡鑫林 72 84 96
20171201 12 朱楷然 94 79 87
20171201 13 毛熙旭 99 66 99
20171201 14 陈重瑞 83 83 75
20171201 15 李锦昕 68 87 61
20171201 16 周芝伊 66 61 65
20171201 17 张雅晴 100 61 64
20171201 18 易文钛 80 76 67
20171201 19 钟佳彤 76 94 61
20171201 20 邢诗雨 100 83 60
20171201 21 钟雨霖 89 99 86
20171201 22 邱煜茜 84 98 78
20171201 23 杜维灵 76 92 70
20171201 24 童熙程 92 99 94
20171201 25 叶恩汐 86 61 68
20171201 26 张之道 97 85 62
20171201 27 李金颐 70 72 86
20171201 28 李可怡 90 66 82
20171201 29 周鸿升 99 76 99
20171201 30 雷傲璇 97 89 76
