1|1|总行科技部门包括科技与产品管理局、软件开发中心、数据中心( )|0
2|2|分行科技部门仅负责总行研发系统的运维及推广工作。( )|1
3|1|农行信息系统架构蓝图，包含渠道域、客户服务域、产品与服务域、数据管理域、业务管理域和基础应用域六大领域。( )|0
4|1|PMO是项目管理办公室的简称。( )|0
5|2|大多数项目可以划分为四至五个阶段，但最多不超过十个阶段。( )|1
6|3|项目整体管理要综合考虑项目各个相关过程，围绕整体管理特点，对项目中可能不需要的过程，项目经理就不用考虑了。( )|1
7|4|许多企业在信息化建设过程中出现了诸多问题，如：信息孤岛多，信息不一致，难以整合共享，多个应用系统之间，企业上下级之间，企业与上下游伙伴之间业务难以协同，信息系统难以适应快捷的业务变化等。为解决这些问题，企业信息化建设采用面向服务架构已是流行趋势。( )|0
8|5|大数据中，各数据的价值之和远远大于数据之和的价值。( )|1
9|6|软件需求包括三个不同的层次：业务需求、用户需求和功能需求。其中业务需求反映了组织结构或客户对系统、产品高层次的目标要求。在项目视图与范围文档中予以说明。( )|0
10|7|软件测试是为了评价和改进产品质量，识别产品的缺陷和问题而进行的活动。软件测试是在有限测试用例集合上，静态验证软件是否达到预期的行为。( )|1
11|8|除了测试程序之外，黑盒测试还适用于测试软件需求分析阶段的软件文档。( )|0
12|9|项目经理的任命应该在项目章程制定完成之后。( )|0
13|10|制定项目章程过程的输入项包括：合同( )|0
14|11|项目管理中整体管理的过程包括：制定项目章程、制定项目范围说明书( )|0
15|12|范围控制过程的输出有：变更请求、建议的纠正措施、组织过程资产( )|1
16|1|产品的质量只有在交付的时候才需要关心，开发时只要写好源代码就可以了。( )|1
17|2|可靠性是软件质量特性中的一项。( )|0
18|1|为了保证配置管理数据的安全及完整，应定期进行数据备份恢复工作。( )|1
19|2|在进行配置管理过程中，一定要采用高档的配置管理工具。( )|1
20|3|配置管理是通过技术和行政手段对产品及其开发过程和生命周期进行控制、规范的一些列措施和过程。( )|0
21|1|核心系统总控是我行核心系统的重要组成部分，为其提供了基础应用框架和系统控制服务。( )|0
22|2|新核算与报告系统IFAR 是满足新会计准则下会计确认、计量和记录需要，满足面向资本市场和国内外准则编制财务会计报告需要，并为后续管理提供决策支持的一个财务会计信息系统，是我行财会核算与报告的基础平台。( )|0
23|3|公共报文解析是核心系统总控的一项重要功能。( )|0
24|4|外围系统发起的柜台类重要交易不在总控日志中记录。( )|1
25|5|新核算与报告系统向股东及相关利益关系人提供符合准则要求的的报告。( )|1
26|6|业务费用开支管理是新核算与报告系统的业务模块。( )|0
27|7|核心系统总控负责对交易的公共要素进行安全控制和条件验证，从数据库查询渠道、应用、交易、用户、组织单元、终端、通道的详细信息，并进行合法性、状态检查。( )|0
28|8|新核算与报告系统IFAR 可以通过级别的定义来加工账务数据，例如为北京分行汇总、天津分行汇总、河北分行汇总、山西分行汇总、内蒙分行汇总设置一个上级华北汇总，则可以在IFAR直接加工或查询华北汇总的相关账务数据。( )|0
29|9|核心总控的流量控制模块的作用是避免过大并发引起交易处理效率的降低，同时提高整个系统的吞吐量。( )|0
30|10|联机总控的功能是负责对所有的交易进行接入处理，其处理的对象只有公共报文。其完成公共报文解析，各种应用检查，如交易、应用、渠道、通道、行部、柜员、终端等，规避潜在风险，实现特殊流量控制，完成交易的路由与调度，是连接前台与后台的桥梁。( )|0
31|11|财务信息系统FMIS提供服务接口给外部系统调用或调用外部系统接口实现业务对接。( )|0
32|1|商业银行经营管理过程中，资本作为风险的第一承受着，发挥了至关重要的作用，积极地推动了商业银行实现资本最大化的最终战略目标。( )|0
33|2|个人客户营销与管理系统的联机服务又分为前台服务和后台服务。( )|0
34|3|银行卡受理中心主要受理单信息和双信息两种信息类型的交易。其中双信息指联机授权和入账清算实时完成的交易。( )|0
35|4|从业务角度来看，银行卡受理系统主要与银行卡收单业务对接，分内卡收单和外卡收单两大模块。( )|0
36|5|实时代收付子系统，简称RT。实时代收付子系统是一个部署在开放平台上的交易集群。( )|1
37|6|V#定价基本思路是遵循以产品定价为基准，以客户等级细分为浮动比例，以灵活交易场景为维度的综合定价策略，即“基准+浮动”的模式。( )|1
38|1|我行的信用卡客服系统，提供7*24小时的服务。( )|0
39|2|“商e付”支付结算平台作为我行第三代电子商务金融服务平台建设的基础产品。( )|0
40|3|我行掌上银行系统经过近几年的快速发展，目前已支持iphone、androiD.windows phone、ipaD.winpaD.android pad等多种平台。( )|0
41|4|我行个人网银的系统架构分为体验层、应用层、服务层和后台服务层。( )|0
42|1|托管综合业务系统客户端只能通过专线与管理人系统进行数据交互。( )|1
43|2|资金交易管理系统包括完整的后台子系统，可以直接实现后台的结清算。( )|1
44|3|资金交易管理系统的可以实现交易相关的风险管理，但不支持后续的风险分析工作。( )|1
45|4|报价引擎及交易系统是我行企业客户及个人客户结售汇交易平台。( )|0
46|5|报价引擎及交易系统采用C/S架构，前台使用我行ATBS综合业务平台，后台系统架设在投资业务平台上。( )|0
47|6|投资业务平台是农业银行为加快投资类产品的研发速度，提高产品质量，节约开发成本，增强投资理财领域的核心竞争力而开发的集投资产品开发、运行和管理的综合性平台。( )|0
48|7|投资业务平台前置层是投资业务平台对外的“门户”，负责银行柜面、电话银行、网上银行、自助终端、Call Center 等其它交易渠道的统一接入。( )|0
49|1|信贷管理系统群是纯java应用。( )|1
50|2|信贷数据直通车是总行集中式部署。( )|1
51|3|个人网上贷款平台是C3个贷系统的前端部分，主要面向法人客户、合作商和客户经理等用户，具营销受理、信息导入功能和贷款审批流跟踪、展示功能的前端平台，为客户提供友好、便捷的自助申贷渠道。( )|1
52|4|会议决议平台支持项目集中审议，具有会前、会中和会后管理功能；用户层级高，主要有：总行行长、业务监理、相关部门总经理、分行行长、分行相关部门总经理、专职审议人等；是行领导应用C3的重要渠道。( )|0
53|5|贸易通系统是我行商业汇票与国内信用证业务的支撑系统。( )|0
54|1|按照农行发展战略，围绕数据管理和数据服务两个基点，构建我行企业级大数据平台，实现数据资源统一管理，全面提升数据服务能力，充分挖掘数据价值，满足我行客户营销、风险管控、经营管理及外部监管需要，推动数据治理，全面提升我行数据资源管理水平和数据资产综合应用能力，促进业务“用数据说话”，为业务发展提供不竭的内生动力，持续推动我行业务创新、营销创新、服务创新、管理创新。( )|0
55|1|中国农业银行普通纪念币预约发售系统是中国农业银行为满足人民银行普通纪念币发售方式改革，实现“网上提前预约、网点实物兑换”的工作要求，完成开发普通纪念币预约发售系统。( )|0
56|2|中国农业银行普通纪念币预约发售系统所基于的磐云平台是由监控平台、配置管理平台、短信发送服务、定时批量服务组成。( )|0
57|3|纪念币预售系统负责互联网用户注册、预约纪念币，后台管理系统负责额度分配、机构管理，柜面端主要负责柜面预约和兑换。( )|0
58|4|消息服务系统主要负责总行动帐通知业务和我行其他系统短信上下行的集中接入和转发。( )|0
59|5|消息服务账务子系统是消息服务平台重构的重要组成部分，主要功能是为消息服务业务提供业务费用计算与扣缴功能。( )|0
60|6|企业网上银行是我行依托互联网平台，根据企业客户的多样化需求推出的网上自助服务系统，分为智锐版和智博版两个版本。( )|0
61|7|智博版面向大客户和集团客户。智锐版主要面向中小企业客户，提供查询、对账和基本金融服务。( )|0
62|8|EBF框架是电子渠道基础框架，主要为各电子渠道应用系统提供开发平台。( )|0
63|9|企业网银银企直联为智博版的辅助服务子系统，对接大型企业ERP系统。( )|0
64|1|对公客户关系管理系统采集的是农业银行对私客户相关信息。( )|1
65|2|对公客户关系管理系统由Was应用服务器、Sybase ASE和IQ数据库服务器组成。Was运行PC服务器上，采用AIX操作系统。( )|1
66|3|现金管理银企互联综合服务系统由总行统一部署在上海数据中心。( )|0
67|4|现金管理银企互联综合服务系统是通过网络线路将农业银行的现金管理服务延伸到企业，为企业提供查询、转账、票据申请等各种金融服务的电子化操作平台。该系统只为个人客户提供金融服务。( )|1
68|5|人民币跨境支付系统( )|0
69|6|人民币跨境支付系统由CIPS服务器、国际结算业务系统简称GTS后台服务器、ATBS服务器、GTS客户端组成。CIPS服务器、GTS后台服务器运行在IBM小型机上，使用Windows2002 Server操作系统。( )|1
70|1|信贷资产风险五级分类包括正常、关注、次级、可疑、损失五种风险形态。( )|0
71|2|经济资本也称风险资本，是对银行承担风险所需资本的客观计量，反映风险的非预期损失大小。( )|0
72|3|在实物资产管理系统EAM中进行操作时，实物资产调拨单D中包含某实物资产A，该调拨单目前未完成，实物资产A可以进行退库操作。( )|1
73|4|从外界获取的POI经纬度可直接调用地图平台定位服务进行POI点定位及显示。( )|1
74|5|智能办公门户系统是基于J2EE构建的B/S模式在线办公系统。( )|0
75|6|新型人力资源信息化( )|0
76|7|司法查询与控制系统支持对全行个人客户信息、储蓄产品和信用卡开户信息以及个人活期历史交易明细的查询，并可以通过该系统对全行个人客户借记卡账户、对公客户活期和非活期账户进行冻结。( )|0
77|1|按照规划，未来分行联机业务将从现在的AIPS，Tulip，BWS全部迁移至太行平台，实现应用平台整合。( )|1
78|2|Plantix平台用于解决JAVA项目开发中各类底层的技术问题和困难，使开发人员更专注于上层业务逻辑而非技术难题。( )|0
79|3|影像及电子档案平台是我行独立研发的对影像等电子文件统一存储与管理的公共平台。( )|0
80|4|太行平台的统一运行框架，提供了对组件的发布、管理、复用能力。( )|0
81|5|由于影像及电子档案平台部署在各分行，所以不支持分行间的数据访问。( )|1
82|6|Udesk采用C/S架构，可以支持业务产品类、业务管理类、业务流程类、数据分析类、监控管理类、客户端集成等各业务场景应用开发。( )|1
83|1|大数据平台属于企业数据管理域。( )|0
84|2|超级柜台属于电子渠道。( )|1
85|3|银行卡应用不属于产品服务域。( )|1
86|1|商业银行经营管理过程中，资本作为风险的第一承受着，发挥了至关重要的作用，积极地推动了商业银行实现资本最大化的最终战略目标。( )|0
87|2|个人资金归集产品可以提高资金使用效率，降低资金成本。( )|0
88|3|我行发行的IC借记卡可在公交、地铁、便利店、ETC等多种场所完成快速小额支付。( )|0
89|4|个人资金归集的主账户和子账户均可申请更换为任一其他账户。( )|1
90|1|外汇宝提供的是个人结售汇服务。( )|1
91|2|账户贵金属是指挂钩贵金属，用于金盈通业务的一种记账符号。账户贵金属都能提取、转出或用于支付，且不计付利息。( )|1
92|3|存金通为我行客户提供有偿代保管黄金功能，该描述是否正确？。( )|0
93|4|存金通提取实物黄金时，如提取非“传世之宝”标准金条，需要补差价。( )|0
94|1|银讯通宝系统是基于中国农业银行互联网银行磐云平台移动框架开发出的面向三农商户提供金融服务的惠农通银讯通业务系统。( )|0
95|2|银讯通宝业务系统，是我行以磐云平台为核心，手机APP及移动支付盒子等终端为外延的互联网手机支付结算平台。( )|0
96|3|银讯通宝大力推进农村支付结算“讯通工程”是贯彻落实中央农村工作会议提出的“大力改善农村金融服务”的重要举措。( )|0
97|4|金易通宝系统是基于中国农业银行互联网银行磐云平台移动框架开发出的面向新发地菜商提供记账，支付，电子签名业务系统。( )|0
98|5|金易通宝系统，是我行以磐云平台为核心，手机APP及移动支付盒子等终端为外延的互联网手机支付结算平台。( )|0
99|6|金易通宝实现了以农业银行移动金融平台为商户提供记账，收款，商品管理，客户管理，收入统计，电子签名等服务的业务。( )|0
100|7|金易通宝系统是基于磐云平台移动框架开发出的面向新发地菜商提供记账，管理，支付等金融服务的系统。( )|0
101|8|金易通宝系统涉及交互的系统可分为基础类系统与支付结算类系统两部分。( )|0
102|9|二手楼交易资金在线托管及融资是实现二手房交易相关业务全线上操作的业务模式。( )|0
103|10|二手楼交易资金在线托管及融资产品的目标客户是指具有二手房屋交易资金托管及融资需求的购房人、售房人，以及有客户需求的我行营业网点、合作中介公司、担保公司以及符合我行标准的行业客户。( )|0
104|11|二手楼交易资金在线托管及融资产品的客户是通过我行认可的互联网渠道向我行自助发起业务申请。( )|0
105|12|我行通过C3、BoEing、CMS等内部系统与个人征信系统、合作中介公司、担保公司、评估公司后台系统前后衔接，验证二手楼产品客户申请资料真实、完整、有效，操作透明、简单、快捷，实现整笔二手住房交易的全流程跟踪与风险控制。( )|0
106|13|二手楼交易资金在线托管及融资产品为客户提供快捷高效的融资服务，提升客户在住房交易及贷款融资过程中的用户体验，全流程控制房产交易与融资业务风险，引领我行传统金融业务进入全新的互联网金融时代。( )|0
107|1|西联汇款业务是农业银行与美国西联公司合作开展的个人外汇实时汇款业务，具有快捷、方便等优势，但需要收取中间行费用。( )|1
108|2|银保通业务是通过农业银行与各保险公司系统互联，代理各保险公司保单销售及后续的保单查询、保单续期、保全等业务。( )|0
109|3|银保通业务作为一项对公中间业务，依法向保险公司收取代理手续费。( )|0
110|4|单位结算卡本身并不是账户,仅仅是关联账户的媒介，用户可以通过单位结算卡来对所绑定的账户进行账户管理。( )|0
111|5|单位结算卡的交易权限不受绑定账户的交易权限限制。( )|1
112|1|计算机硬件系统由运算器、控制器、存储器、输入设备和输出设备5大部件组成。	( )|0
113|2|计算机软件是程序、数据和相关文档的集合。( )|1
114|3|二进制数是由1和2两个数字组成的进制方式。( )|1
115|4|输入设备的作用是把转换成二进制形式的信息输入到计算机的存储器中。( )|0
116|5|八进制数126对应的十进制数是86。( )|1
117|6|输出设备的作用是把运算处理结果按照人们所要求的形式输出到外部存储介质上。( )|0
118|7|控制器是对数据进行加工处理的部件，它主要完成算术和逻辑运算。( )|1
119|8|运算器的主要功能则是从主存中取出指令并进行分析，控制计算机的各个部件有条不紊地完成指令的功能。( )|1
120|9|按字符的ASCII码值比较，“A”比“a”大。( )|1
121|10|各种数据在计算机中表示的形式称为机器数，机器数有无符号数和带符号数之分。	( )|0
122|11|海明码是由贝尔实验室的Richard Hamming设计的，它也是利用奇偶性来检错和纠错的校验方法。( )|0
123|12|在循环冗余校验码中，校验码是由信息码产生的，校验码位数越长，该代码的校验能力就越弱。( )|1
124|13|在求循环冗余校验码( )|0
125|14|计算机内数据可以采用二进制、八进制或十六进制形式表示。( )|1
126|15|计算机系统中的外存速度高、容量小，一般用于临时存放程序、数据及中间结果。( )|1
127|16|计算机系统中的内存容量大、速度慢，可以长期保存程序和数据。( )|1
128|17|与内存储器相比，寄存器的速度要快得多。( )|0
129|18|寄存器是CPU中的记忆设备，用来临时存放指令、数据及运算结果。( )|0
130|19|一般说来，外存储器的容量大于内存储器的容量。( )|0
131|20|通常把控制器、运算器、存储器和输入输出设备合称为计算机系统。	( )|0
132|21|控制器通常又称中央处理器，简称“CPU”。( )|1
133|22|微型机主机包括主存储器和CPU两部分。( )|0
134|23|运算器的功能就是算术运算。( )|1
135|24|对任何一种进位计数制表示的数都可以写成按权展开的多项式。	( )|0
136|25|已知字符A的ASCII码是01000001B，则字符E的ASCII码是01000100B。( )|1
137|26|十进制数101转换成二进制数是01100101。( )|0
138|27|对数据加密的技术分为两类，私人密钥加密和公开密钥加密。( )|0
139|28|对数据加密的技术分为两类，对称加密和非对称加密。( )|1
140|29|非对称加密算法的保密性比较好，它消除了最终用户交换密钥的需要，而且加密和解密花费时间短、速度快，适合于对文件加密，也适用于对少量数据进行加密。	( )|1
141|30|非对称加密算法的保密性比较好，它消除了最终用户交换密钥的需要，但加密和解密花费时间长、速度慢，不适合于对文件加密，而只适用于对少量数据进行加密。( )|0
142|31|计算机安全是指计算机资产的安全，是要保证这些计算机资产不受自然和人为的有害因素的威胁和危害。	( )|0
143|32|系统资源包括硬件、软件、配套设备设施、有关文件资料，还可以包括有关的服务系统和业务工作人员。	( )|0
144|33|安全威胁，是指某个人、物、事件对某一资源的机密性、完整性、可用性或合法性所造成的危害。某种攻击就是威胁的具体实现。	( )|0
145|34|数字签名技术是信息安全技术的核心，也是电子商务的关键和基础技术。( )|1
146|35|证书作废处理系统不是PKI的一个必备组件。	( )|1
147|36|权威认证机构( )|1
148|37|PKI的主要目的是通过自动管理密钥和证书，为用户建立起一个安全的网络运行环境。( )|0
149|38|假设一个系统由N个子系统组成，当且仅当所有的子系统都能正常工作时，系统才能正常工作，这种系统称为串联系统。( )|0
150|39|假如一个系统由N个子系统组成，只要有一个子系统正常工作，系统就能正常工作，这样的系统称为串联系统。( )|1
151|40|假设一个系统由N个子系统组成，当且仅当所有的子系统都能正常工作时，系统才能正常工作，这种系统称为并联系统。( )|1
152|41|假如一个系统由N个子系统组成，只要有一个子系统正常工作，系统就能正常工作，这样的系统称为并联系统。( )|0
153|1|操作系统中的作业管理通常将作业分为四种状态，分别为提交、后备、执行和完成( )|0
154|2|文件的逻辑结构可以分为两大类：一是有结构的记录式文件,二是无结构的流式文件( )|0
155|3|计算机设备按数据传输率分类，分为低速设备、高速设备。( )|1
156|4|虚拟存储的特点是运行程序访问的地址不是从主存中可以获得的，即运行进程访问的地址与主存可用的地址分离。( )|0
157|5|辅存是指软盘、硬盘、光盘和磁带等一些外部存储部件，常用来存放暂不执行的程序和数据，处理器也可以直接访问( )|1
158|6|任何存储器的结构都有“主存-外存”。( )|1
159|7|线程和进程的区别是在创建和撤销进程时，系统都要为其分配和回收资源。线程不需要( )|0
160|8|产生死锁的原因为竞争资源和进程推进顺序非法( )|0
161|9|时间片轮转调度算法主要用于宏观调度，其设计目标是提高资源利用率。( )|1
162|10|先来先服务( )|1
163|11|LINUX是嵌入式操作系统而MS Window是微机操作系统。( )|1
164|12|文件系统对文件的保护采用存取控制方式进行，具体的形式有存取控制矩阵、存取控制表、用户权限表、密码。( )|0
165|13|常见的文件链接有硬链接和符号链接两种，硬链接方便文件主删除它拥有的文件( )|1
166|14|扫描( )|1
167|15|分页地址允许地址空间的大小最多为64KB页( )|1
168|1|计算机网络是指由通信线路互相连接的许多独立自主工作的计算机构成的资源共享集合体，其中，通信线路并不专指铜导线，还可以是光纤、微波、红外线。( )|0
169|2|标准的OSI参考模型把网络通信的结构分成7层：应用层、服务层、会话层、传输层、网络层、数据链路层、物理层。( )|1
170|3|802.11是无线局域网( )|0
171|4|要是用于广域传输的协议比较多：PPP( )|0
172|5|计算机网络的结构又称为拓扑结构，通常包括三种基本形式：总线型拓扑、星型拓扑、环型拓扑。( )|0
173|6|TCP/IP协议对应OSI各层是属于网络层。( )|1
174|7|Internet上的主机的域名和地址解析，都是由DHCP服务器来完成的。( )|1
175|8|多路复用技术一般可以划分为频分多路复用( )|0
176|9|网络存储常见的有两种形态，直接联网存储SAN和存储区域网络NAS。( )|1
177|10|目前流行的铜线接入技术主要是xDSL技术，xDSL中的“x”代表各种数字用户环路技术，包括HDSL、SDSL、ADSL、RADSL、VDSL等。( )|0
178|11|计算机网络按照其规模大小和延伸距离远近划分为LAN、MAN、WAN。( )|0
179|12|在任何情况下，星型网络和环形网络都不能互连。( )|1
180|13|网络交换机工作在网络层。( )|0
181|14|网络的可用性是指网络可供用户使用的时间百分比。( )|0
182|15|域名服务器上存储了Internet主机的IP地址、域名。( )|0
183|1|根据《软件文档管理指南GB/T 16680-1996》，软件文档包括开发文档、产品文档和管理文档。( )|0
184|2|以ANSI冠名的标准属于国家标准。( )|1
185|3|根据《软件工程术语GB/T11457-2006》，基线是业已经过正式审核与统一，可用作下一步 开发的基础，并且只有通过正式的修改管理步骤方能加以修改的规格说明或产品。对于配置管 理，有以下三种基线：功能基线、分配基线和产品基线。( )|0
186|4|根据《软件文档管理指南GB/T16680-1996》，需求规格说明书不属于基本的开发文档。( )|0
187|5|根据GB/T 11457-2006《软件工程术语》传递信息的硬件或软件部件叫做中间件。( )|1
188|6|由某市标准化行政主管部门制定，报国务院标准化行政主管部门和国务院有关行政主管部 门备案的某一项标准，在国务院有关行政主管部门公布其行业标准之后，该项地方标准即行废止。( )|0
189|7|根据《计算机软件质量保证计划规范GB/T 12504-1990》，项目开发组长或其代表可以作为评审组的成员，但不能担任评审组的组长或副组长。( )|0
190|8|根据《GB/T19000-IS09000 ( )|0
191|9|根据Q/ABC 29-2010《软件测试文档规范》，测试计划应在测试启动后立即编制，并随着测试工作的进展进行必要的修订，以保持对测试的实际指导意义。( )|1
192|10|根据根据Q/ABC 42.3-2015《应用系统非功能需求 第3部分 ：性能效率》，脏读是指：T1交易修改了一行数据。T2交易在T1写操作提交前读取了这个修改后的数据。然后T1交易执行了回滚操作，这样T2交易实质读到了从未被真正提交且应被理解为从未存在的数据。( )|1
193|1|知识产权是指民事权利主体( )|0
194|2|对于工业产权保护的对象可以分为“创造性权利成果”和“识别性标记权利”。其中发明、实用新型和工业品外观设计等属于识别性标记权利。( )|1
195|3|所有知识产权都具有财产权和人身权双重性。( )|1
196|4|专利权的保护期限自专利授权之日起计算。( )|0
197|5|外国人在我国领域外使用中国专利局授权的发明专利，属于侵犯我国专利权的行为( )|1
198|6|实用新型专利申请经初步审查没有发现驳回理由的，专利局应当直接作出授予实用新型专利权，不需要进行实质审查。( )|0
199|7|作者的署名权，修改权，保护作品完整权的保护期不受限制。 ( )|0
200|8|计算机软件著作财产权包括使用权、复制权、修改权、发行权、翻译权、注释权、信息网络传播权、出租权、使用许可权和获得报酬权以及署名权。( )|9
201|9|某软件开发公司开发出的财物软件，由于可供选用的表达方式有限而与市场上已经存在的财物软件界面十分相似，这种情况下，侵犯了一存在的财物软件著作权。 ( )|1
